   317   313   314   316   318
   312   311   272   265   264   250   251
   266   265   272   271
   263   262   259   258
     5   321   320   315     6
   323   321     5   351   350   324
   329   328   319   322   325
   327   317   318   319   328
   330   309   310   311   312   313   317   327
   270   271   272   311   310   279   278
   280   279   310   309
   271   270   268   259   262   267   266
     6   315   353   355   358   357
   339   338   329   325   326
   327   328   329   338   337   332   330
   309   330   332   331   281   280
   268   270   278   277   274   269
   269   274   273   255
   255   256   257   258   259   268   269
   261   260   257   256   253   225   226
   351     5     6   357   356   352
   362   361   356   357   358   359
   343   339   326   324   350   349
   336   334   331   332   337
   277   278   279   280   281   284   283
   252   253   256   255   273   276   254
   230   225   253   252   231
   226   225   230   229
   374   371   368   354   375
   347   348   349   350   351   352
   343   349   348   346   344
   344   342   336   337   338   339   343
   284   281   331   334   333   286   285
   273   274   277   283   282   275   276
   227   231   252   254    29
   367   368   371   370   369
   364   363   366   365
   360   361   362   363   364
   347   352   356   361   360   460   463
   345   346   348   347   463   462   458
   340   341   342   344   346   345
   333   334   336   342   341   335
   289   288   282   283   284   285
   285   286   295   294   289
   275   282   288   287   241   240
   240   239    29   254   276   275
   238   239   240   241   242
   227   233   232   228   229   230   231
   440   370   371   374   373   437
   442   441   365   366   369   370   440
   449   461   460   360   364   365   441   450
   460   461   465   464   462   463
   345   458   457   340
   335   341   340   457   456   307   308
   296   295   286   333   335   308    25
   287   288   289   294   293   291
   291   290   102   242   241   287
   248   233   227    29   239   238   249
   238   242   102   243   249
   437   438   439   444   443   442   440
   451   450   441   442   443
   454   453   449   450   451   452
   465   461   449   453   466
   297   296    25    26
   293   294   295   296   297   303   302
   290   291   293   302   301   292
   105   244   243   102   290   292
   243   244   245   246   247   248   249
   232   233   248   247   234   235   236   237
   223   224   237   236
   415   428   427   438   437   373   372   376
   436   439   438   427   434
   444   439   436   445   447
   448   452   451   443   444   447
   470   466   453   454   473   472   471
   464   465   466   470   469   468   467
   456   457   458   462   464   467   459
   307   456   459   455   305   306
    98    26    25   308   307   306
    26    98   304   303   297
   298   299   300   301   302   303   304
   247   246   214   234
   223   236   235   217   222
   410   411   412   417   416
   429   428   415   416   417   418
   435   434   427   428   429   430   431
   446   445   436   434   435
   445   446   474   478   477   448   447
   480   473   454   452   448   477
   560   559   469   470   471
   629   628   455   459   467   468
   624   305   455   628   627   626
   304    98   306   305   624   623   298
   299   298   623   622   621
   103   104   105   292   301   300
   245   244   105   104   213
   212   215   214   246   245   213
   418   417   412   413   414   419
   422   425   430   429   418   419   420   421
   477   478   479   570   569   565   480
   566   564   472   473   480   565
   471   472   564   563   560
   468   469   559   630   629
   633   642   641   631
   631   627   628   629   630   632   633
   210   216   215   212   211
   217   235   234   214   215   216   219   218
   377   379   378   398   407   406
   414   413   405   406   407   408
   408   409   420   419   414
   432   431   430   425   426
   474   446   435   431   432   433   475
   479   478   474   475   476
   565   569   568   566
   561   562   563   564   566   568   567
   562   561   636   635
   634   632   630   559   560   563   562   635
   632   634   639   643   642   633
   641   642   643   649   648   644
   647   646   626   627   631   641   644
   648   652   651   647   644
   622   623   624   626   646   645   625
   101   103   300   299   621   620
   104   103   101   100   211   212   213
   219   216   210   208   220
   421   420   409   402   403   404
   423   422   421   404   397
   426   425   422   423   424
   424   395    12    14   433   432   426
   570   479   476    17   573   572
   571   567   568   569   570   572
   650   649   643   639   640
   661   645   646   647   651   662
   625   619   620   621   622
   209   208   210   211   100    99
   381   387   399   398   378
   402   409   408   407   398   399   400   401
   387   391   390   400   399
   403   402   401   393
   396   397   404   403   393    28
    16    17   476   475   433    14    15
    17    16   575   574   573
   640   639   634   635   636   637   638
   652   648   649   650   653
   106   619   625   645   661   660
    99   100   101   620   619   106   107   113   112
   205   209    99   112   115
   205   206   207   221   220   208   209
   523   396    28    27   524
   592   591   571   572   573   574
   637   636   561   567   571   591   596   604   608   607
   607   638   637
   663   662   651   652   653   654
   659   660   661   662   663   664   665
   660   659   108   107   106
   391   387   381   380   383   392
   388   389   390   391   392
    27    28   393   401   400   390   389   385
    15    14    12    11    13
   656   655   615
   664   663   654   655   656   657   658
    90   110   109    83
   107   108   109   110   111   114   113
   115   112   113   114   116
    87   117   116   114   111    89
   121   120   206   205   115   116   117
   382   386   388   392   383   384
   525   524    27   385   511
   521   530   529   522   523   524   525   526
   574   575   576   585   593   592
   605   604   596   597   598
   604   605   609   608
   655   654   653   650   640   638   607   608   609   610   611   616   615
   657   656   615   616   617   618
    95    94    88    89   111   110    90    91
    85    86    87    89    88
   117    87    86   125   124   121
   119   120   121   124   123
   140   139   203   204   207   206   120   119
   386   382   507   506
   513   516   526   525   511
   513   511   385   389   388   386   506   514
   531   530   521   520
   553   554   555   556   557   558
   550   583   585   576   557   556
   583   584   594   593   585
   597   596   591   592   593   594   595
   599   598   597   595   589   590
   598   599   601   610   609   605
   606   617   616   611
   618   612   613   614   658   657
    55    97    96   613   612    53
    95    91   614   613    96
    88    94    93    82    84    85
   125    86    85    84   126
   119   123   122   118   141   140
   526   516   517   519   520   521
   550   549    18   584   583
   595   594   584    18    19   578   577    20   589
   587   590   589    20
   600   606   611   610   601   602   603
    53   612   618   617   606   600    51
    51    50    48    54    56    55    53
    92    93    94    95    96    97
   126    84    82    80    81   127
   122   123   124   125   126   127   128
   142   141   118   134   138
   515   514   506   507   508   509   510
   512   517   516   513   514   515
   518   527   531   520   519
   527   528   532   554   553   529   530   531
   555   554   532   534   533   551
   549   550   556   555   551   552
   579   578    19     0
    20   577   582   588   587
   586   602   601   599   590   587   588
   586   484   481   603   602
    50    51   600   603   481    52
    56    54    57    64    63
    92    97    55    56    63    65    78
    82    93    92    78    79    80
   134   118   122   128    69   135
   135    69   131   136
   515   510    30    31   512
   528   527   518   143   144
   545   552   551   533   546
   552   545   544     0    19    18   549
   577   578   579   580   581   582
   483    49    52   481   484
    46    47    48    50    52    49
    57    54    48    47    58
    62    66    65    63    64
   129   130   137   136   131   132   133
    70    71   129   133    72    73
    31    30   158   157   154
   518   519   517   512    31   154   153   143
   145   537   536   534   532   528   144
   144   143   153   152   145
   546   533   534   536   547
   543   486   580   579     0   544
   485   482   483   484   586   588   582   581
    49   483   482    44    45    46
    62    64    57    58    59    60    61
    73    72    79    78    65    66    67    68
    70    73    68    22    23
   130   129    71    75    74
   156   157   158   159   160   161
   537   145   152   151   504   538
   535   539   548   547   536   537   538
   548   539   540   541
   541   542   543   544   545   546   547   548
   486   543   542   498   497   492
   491   485   581   580   486   492
    44   482   485   491   490
    32    59    58    47    46    45    35
   174   173    34    33    24
    60    59    32    33    34
    39    38    67    66    62    61     4
    40    22    68    67    38
    75    71    70    23    21    76
   148   149   150   155   156   161
   535   538   504   505
   498   542   541   540   502
   489   490   491   492   497   496   495
    35    45    44   490   489   487   177
    33    32    35   177   176   175    24
   175   174    24
     2     4    61    60    34   173   172     1
     2     1     3
    38    39    43    42    40
    37    21    23    22    40    42    41
    77    76    21    37    36
   146   147   149   148
     8   150   149   147     9
   500   501   502   540   539   535   505   503
   496   497   498   502   501   499
   493   494   495   496   499
   487   489   495   494   488
   488   179   178   176   177   487
     4     2     3   197   202   201    43    39
   163   503   505   504   151   155   150     8   164
   503   163   168   171   500
   501   500   171   185   184   493   499
   196   172   173   174   175   176   178   192
   196   195   198   197     3     1   172
     8     9     7    10   162   166   165   164
   167   170   169   165   166
   168   163   164   165   169
   181   179   488   494   493   184   183   182
   180   193   192   178   179   181
   192   193   194   200   199   195   196
   199   198   195
   187   186   185   171   168   169   170
   190   183   184   185   186   191
   189   182   183   190
   180   181   182   189   188
   394   395   424   423   397   396   523   522
   558    13    11   394   522   529   553
   576   575    16    15    13   558   557
    12   395   394    11
   151   152   153   154   157   156   155
    80    79    72   133   132    81
   131    69   128   127    81   132
   665    83   109   108   659
    83   665   664   658   614    91    90